639
640
641
642
643
644
645
646
647
648
649
650
651
652
653
654
524288
524289
524290
524291
524292
524293
524294
524295
524296
524297
524298
524299
524300
524301
524302
524303
1048576
1048577
1048578
1048579
1048580
1048581
1048582
1048583
1048584
1048585
1048586
1048587
1048588
1048589
1048590
1048591
1572864
1572865
1572866
1572867
1572868
1572869
1572870
1572871
1572872
1572873
1572874
1572875
1572876
1572877
1572878
1572879
2097152
2097153
2097154
2097155
2097156
2097157
2097158
2097159
2097160
2097161
2097162
2097163
2097164
2097165
2097166
2097167
